3
6
8
9
10
13
15
16
22
24
28
29
31
32
36
37
38
40
41
42
43
44
50
54
59
60
61
62
149
150
151
179
182
187
307
310
311
313
329
333
334
335
350
357
374
375
377
451
458
466
469
470
481
566
956
1046
1049
1050
1053
1063
1067
1068
1110
1113
1115
1116
1119
1120
1121
1169
1219
1220
1413
1459
1461
1462
1464
1466
1467
1471
1475
1476
1479
1480
1486
1487
1489
1491
1492
1493
1494
1497
1500
1504
1510
1547
1548
1549
1552
1553
1554
1555
1590
1596
1597
4135
4534
4538
6332
23380
23512
40536
40646
40647
40648
40649
40650
40663
40664
40665
40666
40668
40669
40670
40671
40672
40677
40678
40680
40681
40682
40685
40686
40687
40690
40691
40693
40700
40701
40702
40704
40705
40706
40707
40708
40710
40711
40713
40900
40945
40966
40975
40983
40984
41496
